(1994)
(1972)
(1974)
(1966)
(1994)
(2010)
(1993)
(1957)
(1975)
(2008)
(1980)
(2003)
(1954)
(1977)
(1990)
(1942)
(1999)
(2002)
(2001)
(1954)
(1968)
(1981)
(2010)
(1960)
(1995)
(1999)
(1991)
(1995)
(2000)
(1946)
(2002)
(1950)
(1964)
(1994)
(1994)
(1941)
(1979)
(1959)
(1999)
(1998)
(1976)
(1991)
(1998)
(1958)
(2001)
(1979)
(2008)
(1962)
(1980)
(2001)
(1957)
(1971)
(1944)
(1962)
(2002)
(2006)
(2006)
(1931)
(1931)
(1986)
(2004)
(2000)
(1981)
(1949)
(1997)
(1992)
(1974)
(1948)
(1936)
(1975)
(1997)
(1985)
(2006)
(2006)
(1980)
(1988)
(1952)
(1959)
(1957)
(1950)
(1950)
(1984)
(1984)
(1999)
(1987)
(2009)
(1968)
(1940)
(1995)
(1948)
(1960)
(2009)
(2004)
(2008)
(1927)
(1973)
(2000)
(1941)
(1992)
(2005)
(1980)
(1939)
(2003)
(1954)
(1989)
(1983)
(1940)
(1963)
(1988)
(2005)
(1997)
(1975)
(2004)
(2008)
(1957)
(1982)
(1996)
(2007)
(1995)
(1926)
(1939)
(1958)
(1965)
(1985)
(1961)
(2009)
(1999)
(2000)
(2001)
(1977)
(1957)
(1957)
(1978)
(2009)
(2010)
(1967)
(1951)
(1952)
(1998)
(1988)
(2003)
(1934)
(1986)
(1994)
(2007)
(2007)
(1946)
(2004)
(1995)
(1969)
(1939)
(1927)
(2008)
(1962)
(1996)
(1959)
(1983)
(1940)
(1967)
(1946)
(1993)
(1979)
(1925)
(2007)
(2000)
(2003)
(1984)
(1986)
(2010)
(1946)
(1998)
(1982)
(1921)
(2006)
(1995)
(1995)
(1975)
(2007)
(2009)
(1982)
(2009)
(1952)
(1953)
(1955)
(1963)
(1987)
(1955)
(1961)
(2004)
(1988)
(1961)
(1997)
(1956)
(2008)
(1969)
(1976)
(2007)
(1951)
(1959)
(1954)
(1973)
(2006)
(1953)
(1966)
(1966)
(1994)
(1954)
(1966)
(2008)
(1930)
(2003)
(1999)
(1976)
(1928)
(1949)
(1982)
(2003)
(1979)
(1975)
(2004)
(2009)
(1970)
(1968)
(1933)
(1998)
(2010)
(2000)
(2006)
(1953)
(2003)
(2002)
(1998)
(2004)
(1940)
(1944)
(1950)
(1957)
(1994)
(1940)
(1983)
(1972)
(1933)
(2003)
(1948)
(2001)
(1986)
(2001)
(2001)
(1962)
